0.116445
0.066244
0.064475
0.062579
0.062501
0.060908
0.060608
0.060303
0.060438
0.059280
0.058887
0.058842
0.058638
0.059283
0.058417
0.058359
0.058568
0.057918
0.057775
0.057752
0.057729
0.057620
0.057713
0.057172
0.057493
0.057514
0.057921
0.056989
0.057475
0.056708
0.057154
0.056680
0.056414
0.056333
0.056789
0.055646
0.056575
0.055934
0.056292
0.056488
0.056800
0.056104
0.056057
0.056035
0.056161
0.056208
0.055849
0.055868
0.056101
0.055607
0.055618
0.056043
0.055097
0.055770
0.055935
0.056362
0.055919
0.055241
0.056002
0.056535
0.055726
0.055760
0.055779
0.055613
0.056199
0.055446
0.055624
0.055251
0.055329
0.056071
0.054722
0.055575
0.055591
0.055400
0.055461
0.055737
0.054698
0.055469
0.054730
0.055084
0.054845
0.054911
0.055210
0.055149
0.055055
0.055105
0.054600
0.055054
0.054294
0.055118
0.054709
0.054831
0.054863
0.055046
0.054491
0.054575
0.054780
0.054472
0.054115
0.054820
0.054992
0.054380
0.054746
0.054954
0.054288
0.054882
0.054209
0.055034
0.055403
0.053979
0.054815
0.055325
0.054613
0.054673
0.054753
0.054229
0.053804
0.054887
0.054527
0.054930
0.054744
0.054213
0.055403
0.054202
0.054692
0.054884
0.054240
0.054590
0.054032
0.054792
0.054960
0.054269
0.054569
0.055021
0.054540
0.054399
0.055144
0.054519
0.054449
0.054926
0.053758
0.054789
0.053874
0.054175
0.053899
0.053846
0.053954
0.053812
0.053792
0.054656
0.054348
0.053838
0.053971
0.053782
0.054646
0.054327
0.054288
0.053352
0.053783
0.053759
0.053766
0.052935
0.054100
0.053820
0.053354
0.054221
0.053292
0.053697
0.053386
0.053908
0.053728
0.054256
0.053400
0.053907
0.053041
0.054029
0.053915
0.053819
0.053227
0.053401
0.054062
0.053768
0.054292
0.053376
0.053896
0.054014
0.053765
0.053641
0.053549
0.053800
0.053542
0.053567
0.053427
0.053571
0.053711
0.053347
0.054383
0.053297
0.052973
0.053416
