0.085428
0.036720
0.035616
0.034346
0.033850
0.033129
0.033244
0.033068
0.032896
0.032924
0.032585
0.032377
0.031871
0.031665
0.031903
0.031864
0.031330
0.031683
0.031642
0.031625
0.031646
0.031394
0.030975
0.031117
0.031068
0.031419
0.030695
0.031041
0.031429
0.031131
0.031031
0.031189
0.030592
0.031285
0.030596
0.030347
0.030736
0.030823
0.030749
0.030550
0.030987
0.030842
0.030434
0.030450
0.030667
0.030507
0.030370
0.030639
0.030676
0.030574
0.030224
0.030921
0.030325
0.030120
0.030137
0.030616
0.030508
0.030413
0.030237
0.030171
0.030250
0.030000
0.029981
0.030267
0.029986
0.029764
0.030496
0.030246
0.030527
0.029939
0.030407
0.030349
0.029942
0.029933
0.030305
0.029705
0.030092
0.030157
0.030210
0.029961
0.029874
0.029848
0.030228
0.030092
0.030298
0.030058
0.029802
0.029534
0.029924
0.030272
0.029905
0.029337
0.029776
0.030205
0.029585
0.029957
0.030354
0.030137
0.030672
0.029735
0.029461
0.029649
0.029324
0.029903
0.029364
0.029743
0.029539
0.029440
0.029572
0.029556
0.029656
0.029596
0.030014
0.029810
0.029867
0.028913
0.029365
0.029509
0.029426
0.029575
0.029537
0.029916
0.029805
0.029664
0.029758
0.030199
0.029131
0.029991
0.029158
0.029703
0.030255
0.029526
0.029627
0.029581
0.029367
0.029973
0.029518
0.029520
0.029231
0.029333
0.029385
0.029621
0.029727
0.029642
0.029554
0.029939
0.029403
0.029844
0.030212
0.029910
0.029083
0.029466
0.029529
0.029122
0.029935
0.029488
0.029786
0.029380
0.029367
0.029638
0.029213
0.029770
0.029127
0.029379
0.029148
0.029345
0.029532
0.029233
0.029529
0.029236
0.029498
0.029342
0.029597
0.029584
0.029101
0.029334
0.029284
0.029250
0.029752
0.029402
0.029281
0.029466
0.029502
0.029361
0.029657
0.029690
0.028824
0.029219
0.029617
0.028929
0.028722
0.028969
0.029155
0.029670
0.029164
0.029832
0.029452
0.029161
0.029074
0.029499
