0.086428
0.038780
0.037983
0.036868
0.036332
0.035786
0.035468
0.035400
0.035151
0.035002
0.035008
0.034930
0.034590
0.034456
0.033868
0.034458
0.034202
0.033985
0.034266
0.033883
0.034251
0.034200
0.034124
0.033515
0.033870
0.033705
0.033309
0.033548
0.033559
0.033407
0.033301
0.033350
0.033327
0.033520
0.033012
0.033412
0.033471
0.033257
0.033165
0.033089
0.033083
0.033010
0.033172
0.032879
0.033127
0.032959
0.033028
0.033144
0.033002
0.032799
0.032822
0.033041
0.033186
0.032778
0.032772
0.033358
0.032907
0.033144
0.032849
0.032454
0.032708
0.032771
0.032763
0.032720
0.032542
0.032799
0.032558
0.032612
0.032501
0.032467
0.032796
0.032128
0.032308
0.032314
0.032319
0.032452
0.032569
0.032422
0.032242
0.032487
0.032622
0.032253
0.032189
0.032221
0.032324
0.032942
0.032372
0.032367
0.032538
0.031994
0.032410
0.032308
0.032268
0.032488
0.032692
0.032063
0.031995
0.032045
0.032472
0.032135
0.032165
0.032160
0.031989
0.031835
0.032340
0.032518
0.032298
0.031927
0.032043
0.032319
0.032673
0.032266
0.032498
0.032135
0.031956
0.032246
0.032041
0.032127
0.032107
0.031859
0.032350
0.032501
0.031851
0.031723
0.031896
0.032038
0.031646
0.031980
0.031854
0.031923
0.031896
0.032250
0.031591
0.031908
0.031761
0.031691
0.031434
0.031684
0.031681
0.031544
0.031808
0.031788
0.031846
0.031767
0.032231
0.031504
0.031734
0.031426
0.031914
0.031726
0.031798
0.031708
0.031862
0.031933
0.031728
0.032008
0.031557
0.031594
0.031566
0.031637
0.031516
0.031688
0.031325
0.031813
0.031554
0.032295
0.031406
0.031659
0.031960
0.031760
0.031463
0.031707
0.031569
0.031317
0.031789
0.031908
0.031783
0.031584
0.031414
0.031455
0.031529
0.031583
0.031358
0.031686
0.031496
0.031561
0.031651
0.031087
0.031470
0.031584
0.031541
0.031566
0.031621
0.031512
0.031379
0.031518
0.031431
0.031551
0.031369
0.031199
